[gd_scene load_steps=8 format=3 uid="uid://cei7sg315j0pm"]

[ext_resource type="PackedScene" uid="uid://cmp21o4ddcbhs" path="res://Scenes/Player/Player.tscn" id="1_1r4g8"]
[ext_resource type="Material" uid="uid://gt42junageuk" path="res://Resources/Materials/Dev/DevFloorGray.tres" id="1_e2vvg"]
[ext_resource type="PackedScene" uid="uid://c0sceq6pf8xco" path="res://Resources/Models/RockPillar003.tscn" id="3_5bq8u"]
[ext_resource type="PackedScene" uid="uid://cllqiqhpncg5k" path="res://Resources/Models/RockPillar004.tscn" id="3_76drj"]

[sub_resource type="ProceduralSkyMaterial" id="ProceduralSkyMaterial_0ru8k"]
sky_horizon_color = Color(0.64625, 0.65575, 0.67075, 1)
ground_horizon_color = Color(0.64625, 0.65575, 0.67075, 1)

[sub_resource type="Sky" id="Sky_2oqd7"]
sky_material = SubResource("ProceduralSkyMaterial_0ru8k")

[sub_resource type="Environment" id="Environment_8irrf"]
background_mode = 2
sky = SubResource("Sky_2oqd7")
tonemap_mode = 2
glow_enabled = true

[node name="Level_Surface" type="Node3D"]

[node name="DirectionalLight3D" type="DirectionalLight3D" parent="."]
transform = Transform3D(-0.866023, -0.433016, 0.250001, 0, 0.499998, 0.866027, -0.500003, 0.749999, -0.43301, 0, 0, 0)
light_bake_mode = 1
shadow_enabled = true

[node name="WorldEnvironment" type="WorldEnvironment" parent="."]
environment = SubResource("Environment_8irrf")

[node name="CSGBox3D" type="CSGBox3D" parent="."]
transform = Transform3D(1, 0, 0, 0, 1, 0, 0, 0, 1, -3.32087, 31.7374, -3.81388)
material_override = ExtResource("1_e2vvg")
use_collision = true
collision_mask = 0
size = Vector3(374, 163.314, 326)

[node name="CSGBox3D2" type="CSGBox3D" parent="CSGBox3D"]
transform = Transform3D(1, 0, 0, 0, 1, 0, 0, 0, 1, -128.817, 53.4431, 144.369)
operation = 2
size = Vector3(112.187, 67.7508, 30.3007)

[node name="CSGBox3D3" type="CSGBox3D" parent="CSGBox3D"]
transform = Transform3D(1, 0, 0, 0, 1, 0, 0, 0, 1, -172.433, 47.1501, 144.369)
size = Vector3(28.4103, 4.19634, 30.3007)

[node name="CSGBox3D4" type="CSGBox3D" parent="CSGBox3D"]
transform = Transform3D(1, 0, 0, 0, 1, 0, 0, 0, 1, -150.471, 46.9102, 144.186)
size = Vector3(5.49757, 4.19634, 30.3007)

[node name="CSGBox3D5" type="CSGBox3D" parent="CSGBox3D"]
transform = Transform3D(1, 0, 0, 0, 1, 0, 0, 0, 1, -137.11, 48.181, 144.186)
size = Vector3(5.49757, 4.19634, 30.3007)

[node name="CSGBox3D6" type="CSGBox3D" parent="CSGBox3D"]
transform = Transform3D(1, 0, 0, 0, 1, 0, 0, 0, 1, -129.027, 52.6475, 129.425)
size = Vector3(9.38412, 8.6799, 0.955548)

[node name="CSGBox3D7" type="CSGBox3D" parent="CSGBox3D"]
transform = Transform3D(1, 0, 0, 0, 1, 0, 0, 0, 1, -129.027, 52.6475, 159.194)
size = Vector3(9.38412, 8.6799, 0.955548)

[node name="CSGBox3D8" type="CSGBox3D" parent="CSGBox3D"]
transform = Transform3D(0.971632, 0.236499, 0, -0.236499, 0.971632, 0, 0, 0, 1, -117.275, 47.5295, 144.293)
size = Vector3(9.25298, 4.19634, 30.3007)

[node name="CSGBox3D9" type="CSGBox3D" parent="CSGBox3D"]
transform = Transform3D(0.959144, 0.236499, -0.155279, -0.233459, 0.971632, 0.0377954, 0.159812, 0, 0.987147, -113.162, 46.5282, 144.119)
size = Vector3(9.25298, 4.19634, 30.3007)

[node name="CSGBox3D10" type="CSGBox3D" parent="CSGBox3D"]
transform = Transform3D(0.587657, 0.168086, 0.791458, -0.275, 0.961444, -1.49012e-08, -0.760943, -0.217651, 0.611223, -39.802, 61.3266, 84.6221)
operation = 2
size = Vector3(124.029, 141.683, 41.6459)

[node name="CSGBox3D" type="CSGBox3D" parent="CSGBox3D"]
transform = Transform3D(1, 0, 0, 0, 1, 0, 0, 0, 1, -99.9822, 28.7538, 145.257)
size = Vector3(2.83269, 32.3178, 3.06196)

[node name="CSGBox3D11" type="CSGBox3D" parent="CSGBox3D"]
transform = Transform3D(0.937346, 0.212755, 0.275895, -0.245541, 0.965208, 0.0899044, -0.247168, -0.152015, 0.956974, -90.0927, 24.7122, 148.536)
size = Vector3(2.83269, 32.3178, 3.06196)

[node name="CSGBox3D13" type="CSGBox3D" parent="CSGBox3D"]
transform = Transform3D(0.159881, 0.947798, 0.275895, -0.986039, 0.140162, 0.0899043, 0.0465414, -0.286417, 0.956974, -73.4237, 25.8833, 135.134)
size = Vector3(7.79185, 4.65089, 13.6062)

[node name="CSGBox3D12" type="CSGBox3D" parent="CSGBox3D/CSGBox3D13"]
transform = Transform3D(0.555657, 0.831412, -1.37836e-07, -0.831411, 0.555657, 1.49012e-07, 0, -7.45058e-09, 1, 10.2497, 9.35088, 0.0281372)
size = Vector3(7.50071, 30.4445, 13.6062)

[node name="CSGBox3D13" type="CSGBox3D" parent="CSGBox3D/CSGBox3D13"]
transform = Transform3D(0.958899, 0.26216, 0.108558, -0.283748, 0.885946, 0.366863, -1.86265e-07, -0.382587, 0.92392, 20.6019, 21.8529, -2.52097)
size = Vector3(4.24247, 10.3635, 13.6062)

[node name="CSGBox3D14" type="CSGBox3D" parent="CSGBox3D"]
transform = Transform3D(0.0536679, 0.776058, 0.628375, -0.942387, -0.168721, 0.288861, 0.330192, -0.607674, 0.722292, -59.1216, 2.24924, 110.877)
size = Vector3(11.4261, 10.3635, 13.6062)

[node name="CSGBox3D15" type="CSGBox3D" parent="CSGBox3D/CSGBox3D14"]
transform = Transform3D(0.916394, 0.356583, 0.18185, -0.39289, 0.888167, 0.238319, -0.0765331, -0.28984, 0.95401, 1.0139, 5.86353, -0.939762)
size = Vector3(11.4261, 10.3635, 13.6062)

[node name="CSGBox3D16" type="CSGBox3D" parent="CSGBox3D"]
transform = Transform3D(-0.0917764, 0.822419, 0.561432, -0.970401, -0.200344, 0.134845, 0.223378, -0.532437, 0.816464, -34.1083, -10.7864, 101.412)
size = Vector3(15.8863, 10.3635, 13.6062)

[node name="CSGBox3D17" type="CSGBox3D" parent="CSGBox3D"]
transform = Transform3D(-0.297378, 0.64105, 0.707547, -0.95399, -0.229236, -0.193267, 0.0383007, -0.732466, 0.679726, -24.8026, -14.6357, 81.2421)
size = Vector3(15.8863, 9.33686, 27.1817)

[node name="CSGBox3D18" type="CSGBox3D" parent="CSGBox3D/CSGBox3D17"]
transform = Transform3D(1, 1.49012e-08, 2.98023e-08, 2.08616e-07, 0.932311, -0.361657, -1.49012e-07, 0.361658, 0.932311, -1.60855, 5.71497, -25.7711)
size = Vector3(14.5544, 9.33686, 27.1817)

[node name="CSGBox3D18" type="CSGBox3D" parent="CSGBox3D"]
transform = Transform3D(0.0109164, -0.420966, -0.907012, -0.983399, -0.16882, 0.0665172, -0.181122, 0.891228, -0.415821, -21.3287, -5.48353, 47.1809)
size = Vector3(15.8863, 9.33686, 27.1817)

[node name="CSGBox3D18" type="CSGBox3D" parent="CSGBox3D/CSGBox3D18"]
transform = Transform3D(0.92264, -0.204491, 0.326987, 0.139479, 0.967391, 0.211429, -0.35956, -0.149464, 0.921074, -7.192, -0.140682, -22.4448)
size = Vector3(14.5544, 9.33686, 27.1817)

[node name="CSGBox3D19" type="CSGBox3D" parent="CSGBox3D"]
transform = Transform3D(0.213164, -0.592151, -0.777123, -0.937356, 0.100369, -0.333597, 0.275539, 0.799552, -0.533662, -9.30662, 10.1201, 80.8885)
size = Vector3(6.75958, 17.2994, 11.2028)

[node name="CSGBox3D20" type="CSGBox3D" parent="CSGBox3D"]
transform = Transform3D(-0.0964683, -0.900654, -0.423695, -0.956595, 0.201499, -0.210529, 0.274988, 0.384995, -0.881, -28.1819, 16.5522, 95.8237)
size = Vector3(6.75958, 14.7472, 11.2028)

[node name="CSGBox3D21" type="CSGBox3D" parent="CSGBox3D"]
transform = Transform3D(-0.41432, -0.589602, 0.693332, -0.907214, 0.328471, -0.262805, -0.0727892, -0.737887, -0.670989, -45.2989, 20.9694, 90.111)
size = Vector3(6.75958, 31.355, 11.2028)

[node name="CSGBox3D22" type="CSGBox3D" parent="CSGBox3D/CSGBox3D21"]
transform = Transform3D(0.965709, -0.259628, -8.56817e-08, 0.259628, 0.965709, -8.9407e-08, 8.9407e-08, 6.85453e-07, 1, -1.00227, 11.0152, -0.212662)
size = Vector3(6.75958, 13.2274, 11.2028)

[node name="CSGBox3D23" type="CSGBox3D" parent="CSGBox3D/CSGBox3D21/CSGBox3D22"]
transform = Transform3D(0.861895, 0.507087, 0, -0.507087, 0.861895, 0, 2.01166e-07, 4.47035e-07, 1, 0.134262, 5.94476, 0.0215454)
size = Vector3(6.75958, 2.44029, 11.2028)

[node name="CSGBox3D22" type="CSGBox3D" parent="CSGBox3D"]
transform = Transform3D(-0.180749, -0.776503, 0.603633, -0.942869, -0.0378414, -0.331006, 0.279868, -0.628976, -0.725303, -67.7345, 31.7645, 67.6445)
operation = 2
size = Vector3(19.0724, 24.9757, 27.8366)

[node name="CSGBox3D23" type="CSGBox3D" parent="CSGBox3D"]
transform = Transform3D(-0.0348815, -0.796499, 0.603633, -0.919833, -0.210573, -0.331006, 0.390754, -0.566788, -0.725303, -123.258, 9.2725, 30.4918)
operation = 2
size = Vector3(33.5222, 128.012, 27.8366)

[node name="CSGBox3D15" type="CSGBox3D" parent="CSGBox3D"]
transform = Transform3D(-0.171622, -0.503612, 0.846712, -0.818464, -0.405475, -0.407068, 0.548324, -0.762866, -0.342602, -87.6759, 18.1586, 66.8193)
size = Vector3(6.99015, 30.1031, 4.56785)

[node name="CSGBox3D26" type="CSGBox3D" parent="CSGBox3D"]
transform = Transform3D(-0.308197, -0.936293, -0.168433, 0.346602, 0.0543675, -0.936436, 0.885934, -0.346987, 0.307765, -105.178, -7.52065, 49.6245)
size = Vector3(5.28355, 4.14963, 37.8432)

[node name="CSGBox3D28" type="CSGBox3D" parent="CSGBox3D"]
transform = Transform3D(-0.360382, -0.910392, 0.203251, 0.383687, -0.34328, -0.857289, 0.850239, -0.230967, 0.473018, -111.87, -4.85817, 44.7351)
size = Vector3(3.83908, 3.95158, 24.9045)

[node name="CSGBox3D29" type="CSGBox3D" parent="CSGBox3D"]
transform = Transform3D(-0.394721, -0.907947, -0.140805, 0.19986, 0.0647321, -0.977685, 0.896799, -0.414054, 0.155911, -127.396, -8.93915, 35.0989)
size = Vector3(3.83908, 3.95158, 24.9045)

[node name="CSGBox3D30" type="CSGBox3D" parent="CSGBox3D"]
transform = Transform3D(-0.360382, -0.0584362, 0.930973, 0.383687, -0.918984, 0.0908419, 0.850239, 0.38994, 0.353607, -124.952, -2.4764, 20.3174)
size = Vector3(7.22313, 6.38043, 6.32182)

[node name="CSGBox3D31" type="CSGBox3D" parent="CSGBox3D"]
transform = Transform3D(-0.686903, -0.722749, -0.0761475, 0.191734, -0.0791594, -0.978251, 0.701001, -0.686564, 0.19295, -131.824, -4.06088, 15.2346)
size = Vector3(7.13779, 19.7205, 5.13809)

[node name="CSGBox3D24" type="CSGBox3D" parent="CSGBox3D"]
transform = Transform3D(-0.187227, -0.182145, 0.965283, -0.80543, -0.534073, -0.257, 0.56234, -0.825585, -0.046712, -160.038, -22.8617, -33.2285)
operation = 2
size = Vector3(28.4522, 86.9473, 24.7408)

[node name="CSGBox3D32" type="CSGBox3D" parent="CSGBox3D"]
transform = Transform3D(-0.686903, -0.722749, -0.0761475, 0.191734, -0.0791594, -0.978251, 0.701001, -0.686564, 0.19295, -145.646, -13.3625, 0.130467)
size = Vector3(5.97151, 4.77292, 16.1288)

[node name="CSGBox3D33" type="CSGBox3D" parent="CSGBox3D"]
transform = Transform3D(-0.672166, -0.723586, 0.156894, 0.0668272, -0.27033, -0.960448, 0.737378, -0.635096, 0.230062, -155.141, -16.5565, -6.57984)
size = Vector3(7.3058, 7.0254, 16.1288)

[node name="CSGBox3D34" type="CSGBox3D" parent="CSGBox3D"]
transform = Transform3D(0.312718, -0.941852, -0.122983, 0.94176, 0.290587, 0.169254, -0.123674, -0.168748, 0.977871, -170.547, -21.0143, -24.5757)
size = Vector3(4.11956, 6.95074, 18.8068)

[node name="CSGBox3D25" type="CSGBox3D" parent="CSGBox3D"]
transform = Transform3D(0.0305274, 0.981797, 0.187467, -0.931846, -0.0398908, 0.360654, 0.361566, -0.1857, 0.913667, -68.8014, -40.5603, -63.3897)
operation = 2
size = Vector3(53.8721, 207.425, 40.243)

[node name="CSGBox3D36" type="CSGBox3D" parent="CSGBox3D"]
transform = Transform3D(0.143735, -0.917272, 0.371422, -0.105538, 0.358972, 0.927365, -0.983973, -0.172493, -0.0452105, -171.985, -40.4169, -50.137)
size = Vector3(2.44218, 2.93034, 30.2892)

[node name="CSGBox3D37" type="CSGBox3D" parent="CSGBox3D"]
transform = Transform3D(0.467006, -0.854252, 0.228391, -0.210039, 0.14373, 0.967073, -0.858947, -0.499598, -0.112304, -170.401, -42.4404, -68.7254)
size = Vector3(13.7052, 8.9905, 7.84904)

[node name="CSGBox3D38" type="CSGBox3D" parent="CSGBox3D"]
transform = Transform3D(0.977299, 0.193545, -0.0861814, 0.117772, -0.15815, 0.980369, 0.176116, -0.968262, -0.177355, -145.019, -45.854, -65.5591)
size = Vector3(15.8174, 6.97953, 3.20321)

[node name="CSGBox3D41" type="CSGBox3D" parent="CSGBox3D"]
transform = Transform3D(-0.208578, 0.969997, -0.12492, 0.924425, 0.153838, -0.34896, -0.31927, -0.188265, -0.928777, -112.375, -33.0872, -37.1927)
size = Vector3(7.93765, 1.65606, 3.83497)

[node name="CSGBox3D42" type="CSGBox3D" parent="CSGBox3D"]
transform = Transform3D(0.208479, 0.915605, -0.343811, 0.846002, -0.345213, -0.406339, -0.490732, -0.206152, -0.846574, -101.546, -34.6298, -37.4413)
size = Vector3(7.93765, 3.92925, 4.68678)

[node name="CSGBox3D43" type="CSGBox3D" parent="CSGBox3D"]
transform = Transform3D(0.158719, 0.987095, -0.0212995, 0.971983, -0.160006, -0.172187, -0.173372, 0.00662583, -0.984836, -90.8878, -42.079, -38.8425)
size = Vector3(15.6241, 5.78692, 6.29896)

[node name="CSGBox3D39" type="CSGBox3D" parent="CSGBox3D"]
transform = Transform3D(0.0878275, 0.993277, -0.0754233, 0.354435, 0.0396011, 0.934244, 0.930947, -0.108786, -0.348575, -124.595, -43.0749, -63.9981)
size = Vector3(19.9053, 3.77256, 3.20321)

[node name="CSGBox3D40" type="CSGBox3D" parent="CSGBox3D/CSGBox3D39"]
transform = Transform3D(0.978967, -0.0426615, -0.199508, -2.23517e-07, 0.977893, -0.209107, 0.204017, 0.204708, 0.957325, 15.2365, 0, 2.03371)
size = Vector3(19.9053, 3.92925, 3.20321)

[node name="CSGBox3D44" type="CSGBox3D" parent="CSGBox3D"]
transform = Transform3D(0.452231, 0.85708, 0.246788, -0.350613, 0.425256, -0.834405, -0.820097, 0.290817, 0.492817, -73.7077, -49.8397, -42.3117)
size = Vector3(24.4552, 5.78692, 6.29896)

[node name="CSGBox3D45" type="CSGBox3D" parent="CSGBox3D/CSGBox3D44"]
transform = Transform3D(0.903457, -0.428638, 0.00603828, 0.350739, 0.731021, -0.585311, 0.24647, 0.53092, 0.810788, 14.2803, 2.15964, -0.0555878)
size = Vector3(16.8493, 3.80562, 4.89093)

[node name="CSGBox3D12" type="CSGBox3D" parent="CSGBox3D"]
transform = Transform3D(0.767523, 0, -0.641021, 0, 1, 0, 0.641021, 0, 0.767523, 29.7361, -2.57597, -49.0632)
operation = 2
size = Vector3(135.001, 157.212, 158.077)

[node name="CSGBox3D45" type="CSGBox3D" parent="CSGBox3D"]
transform = Transform3D(0.136093, 0.988798, -0.061315, -0.273452, -0.0219946, -0.961636, -0.95221, 0.14764, 0.267396, -47.4076, -74.2362, -72.5399)
size = Vector3(15.9363, 16.3406, 14.6845)

[node name="CSGBox3D46" type="CSGBox3D" parent="CSGBox3D"]
transform = Transform3D(1, 0, 0, 0, 1, 0, 0, 0, 1, -22.7314, -77.2377, -68.532)
size = Vector3(12.8183, 6.16049, 10.8273)

[node name="CSGBox3D47" type="CSGBox3D" parent="CSGBox3D"]
transform = Transform3D(0.984488, 0, -0.175453, 0, 1, 0, 0.175453, 0, 0.98449, -6.17861, -77.2377, -69.8321)
size = Vector3(6.23565, 6.16049, 7.34453)

[node name="CSGBox3D48" type="CSGBox3D" parent="CSGBox3D"]
transform = Transform3D(0.984488, -0.0182789, -0.174498, 0, 0.99456, -0.104182, 0.175453, 0.102565, 0.979133, 4.68982, -78.5128, -67.7395)
size = Vector3(3.96606, 9.80931, 4.01737)

[node name="CSGBox3D50" type="CSGBox3D" parent="CSGBox3D"]
transform = Transform3D(0.984345, 0.0167694, -0.175453, -0.0170336, 0.999857, 0, 0.175427, 0.00298859, 0.98449, 20.7197, -77.2377, -68.2424)
size = Vector3(3.96606, 11.6449, 4.01737)

[node name="CSGBox3D51" type="CSGBox3D" parent="CSGBox3D"]
transform = Transform3D(0.952447, 0.249124, -0.175453, -0.253049, 0.967455, 0, 0.169742, 0.0443982, 0.98449, 21.03, -76.0927, -78.5926)
size = Vector3(3.32543, 7.89559, 2.91046)

[node name="CSGBox3D52" type="CSGBox3D" parent="CSGBox3D"]
transform = Transform3D(0.999457, 0.0174303, 0.0279707, -0.0253756, 0.948544, 0.315632, -0.0210298, -0.316171, 0.948471, 14.933, -76.8883, -86.4913)
size = Vector3(3.32543, 7.89559, 3.63779)

[node name="CSGBox3D53" type="CSGBox3D" parent="CSGBox3D"]
transform = Transform3D(0.983686, -0.0438947, -0.174458, 0.0403585, 0.998904, -0.0237673, 0.17531, 0.0163386, 0.98438, 18.6753, -78.8771, -99.0651)
size = Vector3(9.43083, 9.74386, 7.37451)

[node name="CSGBox3D54" type="CSGBox3D" parent="CSGBox3D"]
transform = Transform3D(0.914085, -0.0438947, 0.403143, 0.0467562, 0.998904, 0.00274678, -0.40282, 0.0163386, 0.915135, 30.592, -77.5005, -108.667)
size = Vector3(9.68241, 9.74386, 7.37451)

[node name="CSGBox3D55" type="CSGBox3D" parent="CSGBox3D"]
transform = Transform3D(0.59522, -0.374441, -0.710992, 0.213482, 0.926689, -0.309317, 0.774687, 0.0323269, 0.63152, 48.5817, -76.7512, -106.144)
size = Vector3(10.2623, 17.365, 7.37451)

[node name="CSGBox3D56" type="CSGBox3D" parent="CSGBox3D"]
transform = Transform3D(-0.216596, -0.285659, -0.933536, -0.0841978, 0.958138, -0.273653, 0.972624, 0.0193295, -0.231581, 49.6227, -76.8921, -90.0468)
size = Vector3(10.2623, 21.9028, 7.37451)

[node name="CSGBox3D57" type="CSGBox3D" parent="CSGBox3D"]
transform = Transform3D(-0.206567, -0.184979, -0.96079, -0.117352, 0.979563, -0.163363, 0.97137, 0.079005, -0.224053, 46.4463, -79.2336, -74.4751)
size = Vector3(10.2623, 28.0335, 7.37451)

[node name="CSGBox3D58" type="CSGBox3D" parent="CSGBox3D"]
transform = Transform3D(-0.206206, -0.135054, -0.969146, 0.0634569, 0.9865, -0.150975, 0.976449, -0.0926307, -0.194852, 42.9418, -74.54, -55.9683)
size = Vector3(13.0537, 20.5142, 11.9815)

[node name="CSGBox3D59" type="CSGBox3D" parent="CSGBox3D"]
transform = Transform3D(-0.206206, 0.208848, -0.955963, 0.0634569, 0.977757, 0.199921, 0.976449, -0.0194375, -0.214872, 26.2265, -74.5282, -59.499)
size = Vector3(3.24214, 21.4964, 2.8531)

[node name="CSGBox3D60" type="CSGBox3D" parent="CSGBox3D"]
transform = Transform3D(0.0156427, 0.105597, -0.994288, 0.0165333, 0.994246, 0.105853, 0.999741, -0.0180947, 0.0138068, 17.4608, -74.1746, -59.5047)
size = Vector3(3.24214, 22.95, 2.8531)

[node name="CSGBox3D61" type="CSGBox3D" parent="CSGBox3D"]
transform = Transform3D(0.106728, 0.00216051, -0.994288, 0.983115, 0.149267, 0.105853, 0.148643, -0.988796, 0.0138068, 15.4301, -63.0638, -72.5074)
size = Vector3(1.57572, 6.26246, 6.04027)

[node name="CSGBox3D49" type="CSGBox3D" parent="CSGBox3D"]
transform = Transform3D(0.995932, -0.088202, -0.018438, 0.0886336, 0.995775, 0.0240754, 0.0162365, -0.0256117, 0.999542, 11.4688, -69.5801, -76.1158)
size = Vector3(17.581, 27.0665, 8.66072)

[node name="CSGBox3D62" type="CSGBox3D" parent="CSGBox3D/CSGBox3D49"]
transform = Transform3D(1, -2.98023e-08, -3.35276e-08, -2.73576e-09, 0.524313, 0.851526, -3.72529e-09, -0.851525, 0.524313, -6.01446, 17.1956, -13.0864)
size = Vector3(4.44958, 27.0665, 8.66072)

[node name="CSGBox3D63" type="CSGBox3D" parent="CSGBox3D/CSGBox3D49/CSGBox3D62"]
transform = Transform3D(0.981984, 0.186285, 0.0316718, -0.188958, 0.968093, 0.164592, 8.9407e-08, -0.167612, 0.985853, 2.47569, 24.9965, -2.18813)
size = Vector3(4.44958, 24.6518, 8.66072)

[node name="CSGBox3D64" type="CSGBox3D" parent="CSGBox3D/CSGBox3D49/CSGBox3D62"]
transform = Transform3D(0.981984, 0.177593, 0.064544, -0.188958, 0.922922, 0.335423, 8.19564e-08, -0.341577, 0.939853, 4.33494, 34.6587, -4.14151)
size = Vector3(4.44958, 6.31766, 8.66072)

[node name="CSGBox3D64" type="CSGBox3D" parent="CSGBox3D"]
transform = Transform3D(0.784462, 0.613287, 0.0921937, -0.177005, 0.0789325, 0.981042, 0.594381, -0.785909, 0.170474, 17.8487, -35.5738, -142.149)
size = Vector3(4.44958, 27.0665, 8.66072)

[node name="CSGBox3D65" type="CSGBox3D" parent="CSGBox3D"]
transform = Transform3D(-0.669969, 0.742378, 0.00430638, -0.0892985, -0.0863448, 0.992257, 0.736998, 0.664397, 0.124142, 50.8782, -37.7421, -132.904)
size = Vector3(4.44958, 27.0665, 8.66072)

[node name="CSGBox3D66" type="CSGBox3D" parent="CSGBox3D"]
transform = Transform3D(-0.990203, 0.139567, 0.00430638, -0.0130951, -0.123524, 0.992257, 0.139017, 0.98248, 0.124142, 70.623, -41.7949, -106.999)
size = Vector3(6.70677, 27.0665, 6.45456)

[node name="CSGBox3D67" type="CSGBox3D" parent="CSGBox3D/CSGBox3D66"]
transform = Transform3D(0.937215, -1.49012e-08, 0.348753, 0.0550316, 0.987472, -0.147889, -0.344382, 0.157796, 0.925473, 0.312561, 17.7528, 0.829453)
size = Vector3(6.70677, 27.0665, 6.45456)

[node name="CSGBox3D68" type="CSGBox3D" parent="CSGBox3D/CSGBox3D66/CSGBox3D67"]
transform = Transform3D(0.999999, -1.04308e-07, 2.04891e-08, -1.49012e-07, 0.978921, 0.20424, 1.15717e-07, -0.20424, 0.978921, -4.57764e-05, 17.9292, -1.34854)
size = Vector3(6.70677, 13.3072, 6.45456)

[node name="CSGBox3D70" type="CSGBox3D" parent="CSGBox3D"]
transform = Transform3D(-0.871036, 0.209512, 0.444298, 0.418658, -0.156485, 0.894562, 0.256945, 0.965206, 0.0485902, 63.5603, -47.9598, -52.3783)
size = Vector3(17.1458, 7.42848, 6.45456)

[node name="CSGBox3D71" type="CSGBox3D" parent="CSGBox3D"]
transform = Transform3D(-0.958139, 0.0481091, 0.282229, 0.275641, -0.111459, 0.954778, 0.077389, 0.992606, 0.0935324, 42.8189, -40.4807, -47.4821)
size = Vector3(17.1458, 5.94045, 6.45456)

[node name="CSGBox3D72" type="CSGBox3D" parent="CSGBox3D"]
transform = Transform3D(-0.565533, -0.774933, 0.282229, 0.244335, 0.169416, 0.954778, -0.7877, 0.608918, 0.0935324, 27.2034, -36.0834, -45.2505)
size = Vector3(25.576, 5.94045, 6.45456)

[node name="CSGBox3D73" type="CSGBox3D" parent="CSGBox3D/CSGBox3D72"]
transform = Transform3D(0.7111, -0.669334, 0.215247, 0.685399, 0.728167, 1.22935e-07, -0.156736, 0.14753, 0.976561, 17.0099, 5.07706, -1.06822)
size = Vector3(15.8348, 5.94045, 6.45456)

[node name="CSGBox3D74" type="CSGBox3D" parent="CSGBox3D"]
transform = Transform3D(0.942093, 0, -0.335354, 0, 1, 0, 0.335353, 0, 0.942095, -9.32038, -28.5704, -57.9198)
size = Vector3(16, 0.5, 16)

[node name="CSGBox3D75" type="CSGBox3D" parent="CSGBox3D"]
transform = Transform3D(0.942093, 0, -0.335354, 0, 1, 0, 0.335353, 0, 0.942095, -16.7841, -27.4443, -36.9524)
size = Vector3(16, 0.5, 16)

[node name="CSGBox3D76" type="CSGBox3D" parent="CSGBox3D"]
transform = Transform3D(0.942093, 0, -0.335354, 0, 1, 0, 0.335353, 0, 0.942095, -20.9409, -26.0254, -17.4669)
size = Vector3(16, 0.5, 16)

[node name="CSGBox3D79" type="CSGBox3D" parent="CSGBox3D"]
transform = Transform3D(0.942093, 0, -0.335354, 0, 1, 0, 0.335353, 0, 0.942095, -7.23242, -25.5313, 1.03216)
size = Vector3(16, 0.5, 16)

[node name="CSGBox3D77" type="CSGBox3D" parent="CSGBox3D"]
transform = Transform3D(0.942093, 0, -0.335354, 0, 1, 0, 0.335353, 0, 0.942095, 13.3032, -63.9443, 9.82389)
size = Vector3(16, 0.5, 16)

[node name="CSGBox3D80" type="CSGBox3D" parent="CSGBox3D"]
transform = Transform3D(0.866471, -0.140677, 0.478999, 0.272701, 0.937056, -0.218093, -0.418167, 0.319594, 0.850295, 14.0372, -25.3365, -6.40202)
size = Vector3(16, 3.92357, 6.52507)

[node name="CSGBox3D81" type="CSGBox3D" parent="CSGBox3D"]
transform = Transform3D(0.877739, 0.0117074, 0.478999, 0.106077, 0.970148, -0.218093, -0.467252, 0.242239, 0.850295, 26.7016, -22.3698, -12.7754)
size = Vector3(16, 4.5166, 5.34588)

[node name="CSGBox3D82" type="CSGBox3D" parent="CSGBox3D"]
transform = Transform3D(0.573761, -0.199566, -0.79434, 0.149325, 0.979095, -0.138124, 0.805296, -0.0393643, 0.591567, 49.7374, -26.0426, 0.82047)
size = Vector3(16, 4.5166, 5.34588)

[node name="CSGBox3D83" type="CSGBox3D" parent="CSGBox3D"]
transform = Transform3D(0.573761, -0.479649, -0.663882, 0.149325, 0.858253, -0.491027, 0.805296, 0.182598, 0.564056, 56.607, -24.2547, 10.4623)
size = Vector3(16, 4.5166, 5.34588)

[node name="CSGBox3D84" type="CSGBox3D" parent="CSGBox3D"]
transform = Transform3D(0.759488, 0, -0.650524, 0, 1, 0, 0.650523, 0, 0.759489, 49.9174, -22.4838, 35.2295)
size = Vector3(16, 4.5166, 21.9554)

[node name="CSGBox3D78" type="CSGBox3D" parent="CSGBox3D"]
transform = Transform3D(0.748355, 0, -0.663301, 0, 1, 0, 0.6633, 0, 0.748356, 44.8038, -63.9443, 10.9443)
size = Vector3(16, 0.5, 16)

[node name="CSGBox3D67" type="CSGBox3D" parent="CSGBox3D"]
transform = Transform3D(-0.20891, 0.958499, -0.194011, -0.0608871, 0.185256, 0.980804, 0.976037, 0.216712, 0.0196585, 89.0227, -10.2212, -60.9761)
size = Vector3(85.9163, 27.0665, 125.912)

[node name="CSGBox3D68" type="CSGBox3D" parent="CSGBox3D"]
transform = Transform3D(-0.908795, 0.385925, -0.158598, -0.100096, 0.167355, 0.980804, 0.405057, 0.907225, -0.113462, 40.46, -13.8448, -33.1846)
size = Vector3(85.9163, 27.0665, 135.748)

[node name="CSGBox3D69" type="CSGBox3D" parent="CSGBox3D"]
transform = Transform3D(0.531061, 0.832359, -0.158598, 0.181617, 0.0710072, 0.980804, 0.82764, -0.549672, -0.113462, 59.723, -20.9502, -4.93273)
size = Vector3(85.9163, 27.0665, 135.748)

[node name="Player" parent="." instance=ExtResource("1_1r4g8")]
transform = Transform3D(-4.37091e-08, 4.47056e-10, -1, 0.0102275, 0.999948, 0, 0.999948, -0.0102275, -4.37114e-08, -179.795, 81.0708, 136.964)

[node name="RockPillar003" parent="." instance=ExtResource("3_5bq8u")]
transform = Transform3D(49.8185, -0.520623, 0, 4.25693, 6.0928, 0, 0, 0, 0.455, -81.3835, 88.8716, 156.376)

[node name="RockPillar005" parent="." instance=ExtResource("3_76drj")]
transform = Transform3D(30.5508, -1.25864, 21.0538, -8.28959, 8.02977, -4.77525, -0.993158, -0.149059, 0.969156, -123.371, 80.4017, 155.91)

[node name="Wall01" parent="." instance=ExtResource("3_76drj")]
transform = Transform3D(-38.4127, 0, 0.0173128, 0, 6.67053, 0, -0.66513, 0, -0.99985, -163.944, 80.2148, 156.942)
